|-0.000||0.000|
|0.000||0.000|
|0.000||0.000|
|0.000||0.000|
|0.000||0.000|
|0.000||0.000|
|0.000||0.000|
|0.000||0.000|
|0.000||0.000|
|-7547926150385503122012113060176008407319904343121303791428931304977704529951295478008377777124199725867294295377738831087413435926347015676039936878687536292625823825920.000||0.000|
|2640538261901998781928149509495259988363635553441293387030801224451031407974072199215211007265949320419301360694984877647675831183382268507444617557823115560940246634349550955365599419122016580233025678213120.000||0.000|
|1783206053930534892976077333831400125714473445613943304953944578223047684479562221695674439817955657726514813803114089733549771823803844363536646284698045461631461368465279193716824508216763450045566080209673336232584062922304479249054364835656448928279982775206314124903228842673359872495805957931008.000||0.000|
|0.000||0.000|
|1806300545557658135218772571325669360606567475186351646867621092697249145025708419084011934352583507298526296409399070873903533254970586711202295505610562600960.000||40253145721960498954112006319926676282824930819849263718242623667063140514234935732419176339564243717735504230317553883917266220629491653409047500435167025399092653033313142571241948218060862364552527872.000|
|0.000||2622611142844925030489708093770733858161582034273311054628162396035957885188089639331046754191936024725011786891349815229924784492370860787121476001542882056682113311306106252133191000967305989831972793318479990619249805530634873517480312004790690030219453536210467486697017860784762694352577090289664.000|
|0.000||0.000|
|7752472661082264947017271934079064407115162436467348527292493172438862712842952366879326121951941608180562337470453191196991760563443355390416532972316526076993550155776.000||13697435801656211933711599133497106564884124278523270329388453451174735810507437674224187522642882139714966797829485133118451896904549075002905755371333963522005659482561036702348068538165490916222441289047993947240943856079140137965180682240.000|
|0.000||0.000|
|0.000||-0.000|
|0.000||0.000|
|0.000||0.000|
|0.000||0.000|
|0.000||0.000|
|0.000||0.000|
|0.000||0.000|
|0.000||0.000|
|0.000||0.000|
|-0.000||-7547926150385503122012113060176008407319904343121303791428931304977704529951295478008377777124199725867294295377738831087413435926347015676039936878687536292625823825920.000|
|-0.000||2640538261901998781928149509495259988363635553441293387030801224451031407974072199215211007265949320419301360694984877647675831183382268507444617557823115560940246634349550955365599419122016580233025678213120.000|
|0.000||1783206053930534892976077333831400125714473445613943304953944578223047684479562221695674439817955657726514813803114089733549771823803844363536646284698045461631461368465279193716824508216763450045566080209673336232584062922304479249054364835656448928279982775206314124903228842673359872495805957931008.000|
|-0.000||0.000|
|1786134986381450382726263335276403532950798346030336250232462563932666722262582551775131808121371102906320275437692804650293470114788535598706158720294116655104.000||1806300545557658135218772571325669360606567475186351646867621092697249145025708419084011934352583507298526296409399070873903533254970586711202295505610562600960.000|
|0.000||0.000|
|-7104700300768993946059509764304247043329784372557541260614098402293587527073792.000||0.000|
|0.000||7752472661082264947017271934079064407115162436467348527292493172438862712842952366879326121951941608180562337470453191196991760563443355390416532972316526076993550155776.000|
|3154311562495326291791211496090403861197172366023339075589269169368515599011952267333447451070657671018901534795592335127761494854369085035380428652226315274418177274564387672599642476223358134716987322177577414460749991769416925184.000||0.000|
|0.000||0.000|
|0.000||0.000|
|0.000||0.000|
|0.000||0.000|
|0.000||0.000|
|0.000||0.000|
|0.000||0.000|
|0.000||0.000|
|0.000||0.000|
|0.000||-0.000|
|0.000||-0.000|
|0.000||0.000|
|-0.000||-0.000|
|17770797187075722836877066288092475698196486236096471211693439578171714455220612346971191124690396393272006194279681526420947397943760037598734172654184616003958110671017184247106522428803647256787830681108480.000||1786134986381450382726263335276403532950798346030336250232462563932666722262582551775131808121371102906320275437692804650293470114788535598706158720294116655104.000|
|0.000||0.000|
|0.000||-7104700300768993946059509764304247043329784372557541260614098402293587527073792.000|
|0.000||0.000|
|33280790536723777340291984433161891449088039678531866223424397666150117228082629292761695578060958582609963413373504514528792088533256363186803483266428059605758645612761283821568.000||3154311562495326291791211496090403861197172366023339075589269169368515599011952267333447451070657671018901534795592335127761494854369085035380428652226315274418177274564387672599642476223358134716987322177577414460749991769416925184.000|
|0.000||0.000|
|0.000||0.000|
|0.000||0.000|
|0.000||0.000|
|0.000||0.000|
|0.000||0.000|
|0.000||0.000|
|0.000||0.000|
|0.000||0.000|
|0.000||0.000|
|0.000||0.000|
|0.000||0.000|
|0.000||-0.000|
|0.000||17770797187075722836877066288092475698196486236096471211693439578171714455220612346971191124690396393272006194279681526420947397943760037598734172654184616003958110671017184247106522428803647256787830681108480.000|
|40253145721960498954112006319926676282824930819849263718242623667063140514234935732419176339564243717735504230317553883917266220629491653409047500435167025399092653033313142571241948218060862364552527872.000||0.000|
|2622611142844925030489708093770733858161582034273311054628162396035957885188089639331046754191936024725011786891349815229924784492370860787121476001542882056682113311306106252133191000967305989831972793318479990619249805530634873517480312004790690030219453536210467486697017860784762694352577090289664.000||0.000|
|0.000||0.000|
|13697435801656211933711599133497106564884124278523270329388453451174735810507437674224187522642882139714966797829485133118451896904549075002905755371333963522005659482561036702348068538165490916222441289047993947240943856079140137965180682240.000||33280790536723777340291984433161891449088039678531866223424397666150117228082629292761695578060958582609963413373504514528792088533256363186803483266428059605758645612761283821568.000|
|0.000||0.000|
|-0.000||0.000|
|0.000||0.000|
|0.000||0.000|
|0.000||0.000|
|0.000||0.000|
|0.000||0.000|
|0.000||0.000|
|0.000||0.000|
|0.000||0.000|
|-7547926150385503122012113060176008407319904343121303791428931304977704529951295478008377777124199725867294295377738831087413435926347015676039936878687536292625823825920.000||0.000|
|2640538261901998781928149509495259988363635553441293387030801224451031407974072199215211007265949320419301360694984877647675831183382268507444617557823115560940246634349550955365599419122016580233025678213120.000||0.000|
|1783206053930534892976077333831400125714473445613943304953944578223047684479562221695674439817955657726514813803114089733549771823803844363536646284698045461631461368465279193716824508216763450045566080209673336232584062922304479249054364835656448928279982775206314124903228842673359872495805957931008.000||0.000|
|0.000||0.000|
|1806300545557658135218772571325669360606567475186351646867621092697249145025708419084011934352583507298526296409399070873903533254970586711202295505610562600960.000||40253145721960498954112006319926676282824930819849263718242623667063140514234935732419176339564243717735504230317553883917266220629491653409047500435167025399092653033313142571241948218060862364552527872.000|
|0.000||2622611142844925030489708093770733858161582034273311054628162396035957885188089639331046754191936024725011786891349815229924784492370860787121476001542882056682113311306106252133191000967305989831972793318479990619249805530634873517480312004790690030219453536210467486697017860784762694352577090289664.000|
|0.000||0.000|
|7752472661082264947017271934079064407115162436467348527292493172438862712842952366879326121951941608180562337470453191196991760563443355390416532972316526076993550155776.000||13697435801656211933711599133497106564884124278523270329388453451174735810507437674224187522642882139714966797829485133118451896904